Datei                                         Grösse      Wert y       u(y)         BWert        u(BW)        ylow         yhigh        EKG          NWG          NT k       ka      kb      1-g
Ac228_binomial_V2_DE.txp                      A           1.42282E+01  3.39566E+00  1.42284E+01  3.39522E+00  7.57362E+00  2.08836E+01  4.12796E+00  9.24501E+00   1 1.00000 1.64485 1.64485 0.95000
Ac228_binomial_V2_EN.txp                      A           1.42282E+01  3.39566E+00  1.42284E+01  3.39522E+00  7.57362E+00  2.08836E+01  4.12796E+00  9.24501E+00   1 1.00000 1.64485 1.64485 0.95000
Beispiel_8_mit_KALFIT_DE.txp                  C           7.83118E+01  1.51910E+01  7.83118E+01  1.51910E+01  4.85379E+01  1.08086E+02  2.10252E+01  4.27284E+01   1 1.00000 1.64485 1.64485 0.95000
Example_8_with_KALFIT_EN.txp                  C           7.83118E+01  1.51910E+01  7.83118E+01  1.51910E+01  4.85379E+01  1.08086E+02  2.10252E+01  4.27284E+01   1 1.00000 1.64485 1.64485 0.95000
BSH_Gesamt-Gamma_var1_DE.txp                  cak         1.81106E+00  1.32662E-01  1.81106E+00  1.32662E-01  1.55105E+00  2.07107E+00  5.29653E-01  7.87733E-01   1 1.00000 3.00000 1.64500 0.95000
BSH_Gesamt-Gamma_var2_DE.txp                  cak         1.81106E+00  1.32662E-01  1.81106E+00  1.32662E-01  1.55105E+00  2.07107E+00  5.29653E-01  7.87733E-01   1 1.00000 3.00000 1.64500 0.95000
BSH_total-Gamma_var1_EN.txp                   cak         1.81106E+00  1.32662E-01  1.81106E+00  1.32662E-01  1.55105E+00  2.07107E+00  5.29653E-01  7.87733E-01   1 1.00000 3.00000 1.64500 0.95000
BSH_total-Gamma_var2_EN.txp                   cak         1.81106E+00  1.32662E-01  1.81106E+00  1.32662E-01  1.55105E+00  2.07107E+00  5.29653E-01  7.87733E-01   1 1.00000 3.00000 1.64500 0.95000
Sr89_Sr90_LSC-ohne-Sr85_DE.txp                cSr89       4.00000E+01  1.34924E+00  4.00000E+01  1.34924E+00  3.73555E+01  4.26445E+01  1.48166E-02  2.32339E-02   1 1.00000 3.00000 1.64485 0.95000
Sr89_Sr90_LSC-ohne-Sr85_DE.txp                cSr90       1.99999E+00  1.76797E-01  1.99999E+00  1.76797E-01  1.65348E+00  2.34651E+00  4.19214E-01  6.72283E-01   1 1.00000 3.00000 1.64485 0.95000
vTI-Y90-16748_Blw_V2_EN.txp                   a           9.48016E-04  1.58061E-04  9.48016E-04  1.58061E-04  6.38222E-04  1.25781E-03  3.89588E-04  6.34149E-04   1 1.00000 3.00000 1.64500 0.95000
Wuebbeler-Ex1_DE.txp                          Y           1.41421E+00  1.00000E+00  1.57350E+00  8.65653E-01  1.42196E-01  3.40899E+00  0.00000E+00  0.00000E+00   1 1.00000 1.64485 1.64485 0.95000
Wuebbeler-Ex2_DE.txp                          R           5.00000E-01  1.61374E-04  5.00000E-01  1.61374E-04  4.99684E-01  5.00316E-01  0.00000E+00  0.00000E+00   1 1.00000 1.64485 1.64485 0.95000
